104521
104662
103825
103512
102844
103808
103108
102770
102712
104166
103217
103312
104574
103502
103252
102591
103262
103890
104602
104026
103198
104046
103323
103766
102794
103489
102592
103710
103219
103271
102773
102609
103063
103250
103286
103772
102660
102692
103900
103044
103617
102724
103537
104031
104198
103949
104079
102841
102950
104651
103045
102920
103071
103002
104400
102547
104284
102793
103438
103999
103326
104455
104194
103605
102966
102946
103259
102572
103102
104147
104211
103697
103847
103562
103660
104241
103299
103212
102931
104426
103354
102687
103166
102910
104384
103706
102603
102751
104271
104512
103350
102063
103029
103657
103189
103965
103987
103768
102354
103220
103779
103707
103997
104527
104295
104341
103075
102817
104415
103310
103104
103264
103341
104045
103094
102669
103163
103767
102708
104335
103572
104471
103363
104018
104472
104407
104197
104296
103780
102929
103600
104380
103625
103831
103206
102566
103967
103210
103168
103518
103183
103458
103399
103578
103283
103196
102706
103932
103319
104505
104136
103258
104117
102909
103950
103558
104246
102673
103052
102762
103302
104084
103288
104024
102939
102912
103174
103126
103797
103016
103534
103202
103161
103618
103951
103321
103654
103296
102945
102986
103242
102491
102825
102771
104276
103117
103170
103160
103177
102834
103239
103796
103062
103109
102748
103520
104250
102780
104653
104374
103083
103678
104230
102729
102626
103554
102919
104065
103468
103008
104614
102842
104547
103577
104424
102926
102940
103850
103790
102995
103146
103592
103714
103149
103197
104252
103001
104218
102611
103561
102982
103007
102479
103939
103391
103457
102913
103777
103661
104307
102989
103364
103433
103253
104618
104476
103414
103187
104043
103147
103990
102769
103191
102947
102542
103173
102944
104556
104143
103450
102766
103164
103260
104013
102981
102691
104277
103329
103851
104008
102756
102781
103123
102663
103342
103945
103486
103241
103106
103834
103409
103055
103698
104575
104248
103573
